cam0:
  cam_overlaps: [1, 2]
  camera_model: pinhole
  distortion_coeffs: [-0.22008225850408303, 0.06032327315369135, 0.00041749437050134095, 0.0012971191787930665]
  distortion_model: radtan
  intrinsics: [905.203887443275, 904.2949307381446, 766.7021547081895, 569.9364663567092]
  resolution: [1600, 1200]
  rostopic: /left/image_raw
cam1:
  T_cn_cnm1:
  - [0.8927382728072586, 0.05708902128807332, -0.44694431410800534, -0.6072381519789531]
  - [-0.08485087395369083, 0.9954942242554773, -0.042327044112161635, 0.10088439278574479]
  - [0.44251407373596635, 0.07571058791442525, 0.8935598477008937, -0.12106321020963205]
  - [0.0, 0.0, 0.0, 1.0]
  cam_overlaps: [0, 2]
  camera_model: pinhole
  distortion_coeffs: [-0.22417698216526358, 0.06373024444105821, 0.00016808272635161168, 6.0425647320862865e-05]
  distortion_model: radtan
  intrinsics: [913.0461695278889, 911.7310411797433, 777.1155378915273, 581.6499745008605]
  resolution: [1600, 1200]
  rostopic: /middle/image_raw
cam2:
  T_cn_cnm1:
  - [0.8445936880228369, 0.06732488710085655, -0.5311580383735317, -0.8599616350743164]
  - [-0.013862155817248971, 0.9944797222244119, 0.1040092434379416, -0.08389406014689436]
  - [0.535228309030884, -0.08048255501219881, 0.8408645643328224, -0.3027968523478419]
  - [0.0, 0.0, 0.0, 1.0]
  cam_overlaps: [0, 1]
  camera_model: pinhole
  distortion_coeffs: [-0.21792946773513347, 0.05923033030699762, 0.0008738514317483809, -0.0006921463913508307]
  distortion_model: radtan
  intrinsics: [906.1303076785271, 905.0312977166677, 770.65136010081, 577.8801271311535]
  resolution: [1600, 1200]
  rostopic: /right/image_raw
